% 创建样本数据

y = sqrt([4.7732
4.8133
4.8747
4.9723
5.0158
5.0678
5.1307
5.1775
5.2364
5.2881
5.3471
5.4073
5.4530
5.5177
5.5682
5.6225
5.6694
5.7039
5.7513
5.7971
5.8588

]); % x轴上的点集
x = sqrt([4.2102
3.3948
2.8560
2.3161
1.9949
1.7336
1.5280
1.3784
1.1651
1.0210
0.9163
0.8267
0.7279
0.6794
0.6166
0.5720
0.5236
0.4618
0.4311
0.4057
0.3632
]); % y轴上对应的值
bs=0.035;
y=bs*y;
x=bs*x;